p cnf 169 2340
1 2 3 4 5 6 7 8 9 10 11 12 13 0
14 15 16 17 18 19 20 21 22 23 24 25 26 0
27 28 29 30 31 32 33 34 35 36 37 38 39 0
40 41 42 43 44 45 46 47 48 49 50 51 52 0
53 54 55 56 57 58 59 60 61 62 63 64 65 0
66 67 68 69 70 71 72 73 74 75 76 77 78 0
79 80 81 82 83 84 85 86 87 88 89 90 91 0
92 93 94 95 96 97 98 99 100 101 102 103 104 0
105 106 107 108 109 110 111 112 113 114 115 116 117 0
118 119 120 121 122 123 124 125 126 127 128 129 130 0
131 132 133 134 135 136 137 138 139 140 141 142 143 0
144 145 146 147 148 149 150 151 152 153 154 155 156 0
157 158 159 160 161 162 163 164 165 166 167 168 169 0
-1 -2 0
-1 -3 0
-1 -4 0
-1 -5 0
-1 -6 0
-1 -7 0
-1 -8 0
-1 -9 0
-1 -10 0
-1 -11 0
-1 -12 0
-1 -13 0
-2 -3 0
-2 -4 0
-2 -5 0
-2 -6 0
-2 -7 0
-2 -8 0
-2 -9 0
-2 -10 0
-2 -11 0
-2 -12 0
-2 -13 0
-3 -4 0
-3 -5 0
-3 -6 0
-3 -7 0
-3 -8 0
-3 -9 0
-3 -10 0
-3 -11 0
-3 -12 0
-3 -13 0
-4 -5 0
-4 -6 0
-4 -7 0
-4 -8 0
-4 -9 0
-4 -10 0
-4 -11 0
-4 -12 0
-4 -13 0
-5 -6 0
-5 -7 0
-5 -8 0
-5 -9 0
-5 -10 0
-5 -11 0
-5 -12 0
-5 -13 0
-6 -7 0
-6 -8 0
-6 -9 0
-6 -10 0
-6 -11 0
-6 -12 0
-6 -13 0
-7 -8 0
-7 -9 0
-7 -10 0
-7 -11 0
-7 -12 0
-7 -13 0
-8 -9 0
-8 -10 0
-8 -11 0
-8 -12 0
-8 -13 0
-9 -10 0
-9 -11 0
-9 -12 0
-9 -13 0
-10 -11 0
-10 -12 0
-10 -13 0
-11 -12 0
-11 -13 0
-12 -13 0
-14 -15 0
-14 -16 0
-14 -17 0
-14 -18 0
-14 -19 0
-14 -20 0
-14 -21 0
-14 -22 0
-14 -23 0
-14 -24 0
-14 -25 0
-14 -26 0
-15 -16 0
-15 -17 0
-15 -18 0
-15 -19 0
-15 -20 0
-15 -21 0
-15 -22 0
-15 -23 0
-15 -24 0
-15 -25 0
-15 -26 0
-16 -17 0
-16 -18 0
-16 -19 0
-16 -20 0
-16 -21 0
-16 -22 0
-16 -23 0
-16 -24 0
-16 -25 0
-16 -26 0
-17 -18 0
-17 -19 0
-17 -20 0
-17 -21 0
-17 -22 0
-17 -23 0
-17 -24 0
-17 -25 0
-17 -26 0
-18 -19 0
-18 -20 0
-18 -21 0
-18 -22 0
-18 -23 0
-18 -24 0
-18 -25 0
-18 -26 0
-19 -20 0
-19 -21 0
-19 -22 0
-19 -23 0
-19 -24 0
-19 -25 0
-19 -26 0
-20 -21 0
-20 -22 0
-20 -23 0
-20 -24 0
-20 -25 0
-20 -26 0
-21 -22 0
-21 -23 0
-21 -24 0
-21 -25 0
-21 -26 0
-22 -23 0
-22 -24 0
-22 -25 0
-22 -26 0
-23 -24 0
-23 -25 0
-23 -26 0
-24 -25 0
-24 -26 0
-25 -26 0
-27 -28 0
-27 -29 0
-27 -30 0
-27 -31 0
-27 -32 0
-27 -33 0
-27 -34 0
-27 -35 0
-27 -36 0
-27 -37 0
-27 -38 0
-27 -39 0
-28 -29 0
-28 -30 0
-28 -31 0
-28 -32 0
-28 -33 0
-28 -34 0
-28 -35 0
-28 -36 0
-28 -37 0
-28 -38 0
-28 -39 0
-29 -30 0
-29 -31 0
-29 -32 0
-29 -33 0
-29 -34 0
-29 -35 0
-29 -36 0
-29 -37 0
-29 -38 0
-29 -39 0
-30 -31 0
-30 -32 0
-30 -33 0
-30 -34 0
-30 -35 0
-30 -36 0
-30 -37 0
-30 -38 0
-30 -39 0
-31 -32 0
-31 -33 0
-31 -34 0
-31 -35 0
-31 -36 0
-31 -37 0
-31 -38 0
-31 -39 0
-32 -33 0
-32 -34 0
-32 -35 0
-32 -36 0
-32 -37 0
-32 -38 0
-32 -39 0
-33 -34 0
-33 -35 0
-33 -36 0
-33 -37 0
-33 -38 0
-33 -39 0
-34 -35 0
-34 -36 0
-34 -37 0
-34 -38 0
-34 -39 0
-35 -36 0
-35 -37 0
-35 -38 0
-35 -39 0
-36 -37 0
-36 -38 0
-36 -39 0
-37 -38 0
-37 -39 0
-38 -39 0
-40 -41 0
-40 -42 0
-40 -43 0
-40 -44 0
-40 -45 0
-40 -46 0
-40 -47 0
-40 -48 0
-40 -49 0
-40 -50 0
-40 -51 0
-40 -52 0
-41 -42 0
-41 -43 0
-41 -44 0
-41 -45 0
-41 -46 0
-41 -47 0
-41 -48 0
-41 -49 0
-41 -50 0
-41 -51 0
-41 -52 0
-42 -43 0
-42 -44 0
-42 -45 0
-42 -46 0
-42 -47 0
-42 -48 0
-42 -49 0
-42 -50 0
-42 -51 0
-42 -52 0
-43 -44 0
-43 -45 0
-43 -46 0
-43 -47 0
-43 -48 0
-43 -49 0
-43 -50 0
-43 -51 0
-43 -52 0
-44 -45 0
-44 -46 0
-44 -47 0
-44 -48 0
-44 -49 0
-44 -50 0
-44 -51 0
-44 -52 0
-45 -46 0
-45 -47 0
-45 -48 0
-45 -49 0
-45 -50 0
-45 -51 0
-45 -52 0
-46 -47 0
-46 -48 0
-46 -49 0
-46 -50 0
-46 -51 0
-46 -52 0
-47 -48 0
-47 -49 0
-47 -50 0
-47 -51 0
-47 -52 0
-48 -49 0
-48 -50 0
-48 -51 0
-48 -52 0
-49 -50 0
-49 -51 0
-49 -52 0
-50 -51 0
-50 -52 0
-51 -52 0
-53 -54 0
-53 -55 0
-53 -56 0
-53 -57 0
-53 -58 0
-53 -59 0
-53 -60 0
-53 -61 0
-53 -62 0
-53 -63 0
-53 -64 0
-53 -65 0
-54 -55 0
-54 -56 0
-54 -57 0
-54 -58 0
-54 -59 0
-54 -60 0
-54 -61 0
-54 -62 0
-54 -63 0
-54 -64 0
-54 -65 0
-55 -56 0
-55 -57 0
-55 -58 0
-55 -59 0
-55 -60 0
-55 -61 0
-55 -62 0
-55 -63 0
-55 -64 0
-55 -65 0
-56 -57 0
-56 -58 0
-56 -59 0
-56 -60 0
-56 -61 0
-56 -62 0
-56 -63 0
-56 -64 0
-56 -65 0
-57 -58 0
-57 -59 0
-57 -60 0
-57 -61 0
-57 -62 0
-57 -63 0
-57 -64 0
-57 -65 0
-58 -59 0
-58 -60 0
-58 -61 0
-58 -62 0
-58 -63 0
-58 -64 0
-58 -65 0
-59 -60 0
-59 -61 0
-59 -62 0
-59 -63 0
-59 -64 0
-59 -65 0
-60 -61 0
-60 -62 0
-60 -63 0
-60 -64 0
-60 -65 0
-61 -62 0
-61 -63 0
-61 -64 0
-61 -65 0
-62 -63 0
-62 -64 0
-62 -65 0
-63 -64 0
-63 -65 0
-64 -65 0
-66 -67 0
-66 -68 0
-66 -69 0
-66 -70 0
-66 -71 0
-66 -72 0
-66 -73 0
-66 -74 0
-66 -75 0
-66 -76 0
-66 -77 0
-66 -78 0
-67 -68 0
-67 -69 0
-67 -70 0
-67 -71 0
-67 -72 0
-67 -73 0
-67 -74 0
-67 -75 0
-67 -76 0
-67 -77 0
-67 -78 0
-68 -69 0
-68 -70 0
-68 -71 0
-68 -72 0
-68 -73 0
-68 -74 0
-68 -75 0
-68 -76 0
-68 -77 0
-68 -78 0
-69 -70 0
-69 -71 0
-69 -72 0
-69 -73 0
-69 -74 0
-69 -75 0
-69 -76 0
-69 -77 0
-69 -78 0
-70 -71 0
-70 -72 0
-70 -73 0
-70 -74 0
-70 -75 0
-70 -76 0
-70 -77 0
-70 -78 0
-71 -72 0
-71 -73 0
-71 -74 0
-71 -75 0
-71 -76 0
-71 -77 0
-71 -78 0
-72 -73 0
-72 -74 0
-72 -75 0
-72 -76 0
-72 -77 0
-72 -78 0
-73 -74 0
-73 -75 0
-73 -76 0
-73 -77 0
-73 -78 0
-74 -75 0
-74 -76 0
-74 -77 0
-74 -78 0
-75 -76 0
-75 -77 0
-75 -78 0
-76 -77 0
-76 -78 0
-77 -78 0
-79 -80 0
-79 -81 0
-79 -82 0
-79 -83 0
-79 -84 0
-79 -85 0
-79 -86 0
-79 -87 0
-79 -88 0
-79 -89 0
-79 -90 0
-79 -91 0
-80 -81 0
-80 -82 0
-80 -83 0
-80 -84 0
-80 -85 0
-80 -86 0
-80 -87 0
-80 -88 0
-80 -89 0
-80 -90 0
-80 -91 0
-81 -82 0
-81 -83 0
-81 -84 0
-81 -85 0
-81 -86 0
-81 -87 0
-81 -88 0
-81 -89 0
-81 -90 0
-81 -91 0
-82 -83 0
-82 -84 0
-82 -85 0
-82 -86 0
-82 -87 0
-82 -88 0
-82 -89 0
-82 -90 0
-82 -91 0
-83 -84 0
-83 -85 0
-83 -86 0
-83 -87 0
-83 -88 0
-83 -89 0
-83 -90 0
-83 -91 0
-84 -85 0
-84 -86 0
-84 -87 0
-84 -88 0
-84 -89 0
-84 -90 0
-84 -91 0
-85 -86 0
-85 -87 0
-85 -88 0
-85 -89 0
-85 -90 0
-85 -91 0
-86 -87 0
-86 -88 0
-86 -89 0
-86 -90 0
-86 -91 0
-87 -88 0
-87 -89 0
-87 -90 0
-87 -91 0
-88 -89 0
-88 -90 0
-88 -91 0
-89 -90 0
-89 -91 0
-90 -91 0
-92 -93 0
-92 -94 0
-92 -95 0
-92 -96 0
-92 -97 0
-92 -98 0
-92 -99 0
-92 -100 0
-92 -101 0
-92 -102 0
-92 -103 0
-92 -104 0
-93 -94 0
-93 -95 0
-93 -96 0
-93 -97 0
-93 -98 0
-93 -99 0
-93 -100 0
-93 -101 0
-93 -102 0
-93 -103 0
-93 -104 0
-94 -95 0
-94 -96 0
-94 -97 0
-94 -98 0
-94 -99 0
-94 -100 0
-94 -101 0
-94 -102 0
-94 -103 0
-94 -104 0
-95 -96 0
-95 -97 0
-95 -98 0
-95 -99 0
-95 -100 0
-95 -101 0
-95 -102 0
-95 -103 0
-95 -104 0
-96 -97 0
-96 -98 0
-96 -99 0
-96 -100 0
-96 -101 0
-96 -102 0
-96 -103 0
-96 -104 0
-97 -98 0
-97 -99 0
-97 -100 0
-97 -101 0
-97 -102 0
-97 -103 0
-97 -104 0
-98 -99 0
-98 -100 0
-98 -101 0
-98 -102 0
-98 -103 0
-98 -104 0
-99 -100 0
-99 -101 0
-99 -102 0
-99 -103 0
-99 -104 0
-100 -101 0
-100 -102 0
-100 -103 0
-100 -104 0
-101 -102 0
-101 -103 0
-101 -104 0
-102 -103 0
-102 -104 0
-103 -104 0
-105 -106 0
-105 -107 0
-105 -108 0
-105 -109 0
-105 -110 0
-105 -111 0
-105 -112 0
-105 -113 0
-105 -114 0
-105 -115 0
-105 -116 0
-105 -117 0
-106 -107 0
-106 -108 0
-106 -109 0
-106 -110 0
-106 -111 0
-106 -112 0
-106 -113 0
-106 -114 0
-106 -115 0
-106 -116 0
-106 -117 0
-107 -108 0
-107 -109 0
-107 -110 0
-107 -111 0
-107 -112 0
-107 -113 0
-107 -114 0
-107 -115 0
-107 -116 0
-107 -117 0
-108 -109 0
-108 -110 0
-108 -111 0
-108 -112 0
-108 -113 0
-108 -114 0
-108 -115 0
-108 -116 0
-108 -117 0
-109 -110 0
-109 -111 0
-109 -112 0
-109 -113 0
-109 -114 0
-109 -115 0
-109 -116 0
-109 -117 0
-110 -111 0
-110 -112 0
-110 -113 0
-110 -114 0
-110 -115 0
-110 -116 0
-110 -117 0
-111 -112 0
-111 -113 0
-111 -114 0
-111 -115 0
-111 -116 0
-111 -117 0
-112 -113 0
-112 -114 0
-112 -115 0
-112 -116 0
-112 -117 0
-113 -114 0
-113 -115 0
-113 -116 0
-113 -117 0
-114 -115 0
-114 -116 0
-114 -117 0
-115 -116 0
-115 -117 0
-116 -117 0
-118 -119 0
-118 -120 0
-118 -121 0
-118 -122 0
-118 -123 0
-118 -124 0
-118 -125 0
-118 -126 0
-118 -127 0
-118 -128 0
-118 -129 0
-118 -130 0
-119 -120 0
-119 -121 0
-119 -122 0
-119 -123 0
-119 -124 0
-119 -125 0
-119 -126 0
-119 -127 0
-119 -128 0
-119 -129 0
-119 -130 0
-120 -121 0
-120 -122 0
-120 -123 0
-120 -124 0
-120 -125 0
-120 -126 0
-120 -127 0
-120 -128 0
-120 -129 0
-120 -130 0
-121 -122 0
-121 -123 0
-121 -124 0
-121 -125 0
-121 -126 0
-121 -127 0
-121 -128 0
-121 -129 0
-121 -130 0
-122 -123 0
-122 -124 0
-122 -125 0
-122 -126 0
-122 -127 0
-122 -128 0
-122 -129 0
-122 -130 0
-123 -124 0
-123 -125 0
-123 -126 0
-123 -127 0
-123 -128 0
-123 -129 0
-123 -130 0
-124 -125 0
-124 -126 0
-124 -127 0
-124 -128 0
-124 -129 0
-124 -130 0
-125 -126 0
-125 -127 0
-125 -128 0
-125 -129 0
-125 -130 0
-126 -127 0
-126 -128 0
-126 -129 0
-126 -130 0
-127 -128 0
-127 -129 0
-127 -130 0
-128 -129 0
-128 -130 0
-129 -130 0
-131 -132 0
-131 -133 0
-131 -134 0
-131 -135 0
-131 -136 0
-131 -137 0
-131 -138 0
-131 -139 0
-131 -140 0
-131 -141 0
-131 -142 0
-131 -143 0
-132 -133 0
-132 -134 0
-132 -135 0
-132 -136 0
-132 -137 0
-132 -138 0
-132 -139 0
-132 -140 0
-132 -141 0
-132 -142 0
-132 -143 0
-133 -134 0
-133 -135 0
-133 -136 0
-133 -137 0
-133 -138 0
-133 -139 0
-133 -140 0
-133 -141 0
-133 -142 0
-133 -143 0
-134 -135 0
-134 -136 0
-134 -137 0
-134 -138 0
-134 -139 0
-134 -140 0
-134 -141 0
-134 -142 0
-134 -143 0
-135 -136 0
-135 -137 0
-135 -138 0
-135 -139 0
-135 -140 0
-135 -141 0
-135 -142 0
-135 -143 0
-136 -137 0
-136 -138 0
-136 -139 0
-136 -140 0
-136 -141 0
-136 -142 0
-136 -143 0
-137 -138 0
-137 -139 0
-137 -140 0
-137 -141 0
-137 -142 0
-137 -143 0
-138 -139 0
-138 -140 0
-138 -141 0
-138 -142 0
-138 -143 0
-139 -140 0
-139 -141 0
-139 -142 0
-139 -143 0
-140 -141 0
-140 -142 0
-140 -143 0
-141 -142 0
-141 -143 0
-142 -143 0
-144 -145 0
-144 -146 0
-144 -147 0
-144 -148 0
-144 -149 0
-144 -150 0
-144 -151 0
-144 -152 0
-144 -153 0
-144 -154 0
-144 -155 0
-144 -156 0
-145 -146 0
-145 -147 0
-145 -148 0
-145 -149 0
-145 -150 0
-145 -151 0
-145 -152 0
-145 -153 0
-145 -154 0
-145 -155 0
-145 -156 0
-146 -147 0
-146 -148 0
-146 -149 0
-146 -150 0
-146 -151 0
-146 -152 0
-146 -153 0
-146 -154 0
-146 -155 0
-146 -156 0
-147 -148 0
-147 -149 0
-147 -150 0
-147 -151 0
-147 -152 0
-147 -153 0
-147 -154 0
-147 -155 0
-147 -156 0
-148 -149 0
-148 -150 0
-148 -151 0
-148 -152 0
-148 -153 0
-148 -154 0
-148 -155 0
-148 -156 0
-149 -150 0
-149 -151 0
-149 -152 0
-149 -153 0
-149 -154 0
-149 -155 0
-149 -156 0
-150 -151 0
-150 -152 0
-150 -153 0
-150 -154 0
-150 -155 0
-150 -156 0
-151 -152 0
-151 -153 0
-151 -154 0
-151 -155 0
-151 -156 0
-152 -153 0
-152 -154 0
-152 -155 0
-152 -156 0
-153 -154 0
-153 -155 0
-153 -156 0
-154 -155 0
-154 -156 0
-155 -156 0
-157 -158 0
-157 -159 0
-157 -160 0
-157 -161 0
-157 -162 0
-157 -163 0
-157 -164 0
-157 -165 0
-157 -166 0
-157 -167 0
-157 -168 0
-157 -169 0
-158 -159 0
-158 -160 0
-158 -161 0
-158 -162 0
-158 -163 0
-158 -164 0
-158 -165 0
-158 -166 0
-158 -167 0
-158 -168 0
-158 -169 0
-159 -160 0
-159 -161 0
-159 -162 0
-159 -163 0
-159 -164 0
-159 -165 0
-159 -166 0
-159 -167 0
-159 -168 0
-159 -169 0
-160 -161 0
-160 -162 0
-160 -163 0
-160 -164 0
-160 -165 0
-160 -166 0
-160 -167 0
-160 -168 0
-160 -169 0
-161 -162 0
-161 -163 0
-161 -164 0
-161 -165 0
-161 -166 0
-161 -167 0
-161 -168 0
-161 -169 0
-162 -163 0
-162 -164 0
-162 -165 0
-162 -166 0
-162 -167 0
-162 -168 0
-162 -169 0
-163 -164 0
-163 -165 0
-163 -166 0
-163 -167 0
-163 -168 0
-163 -169 0
-164 -165 0
-164 -166 0
-164 -167 0
-164 -168 0
-164 -169 0
-165 -166 0
-165 -167 0
-165 -168 0
-165 -169 0
-166 -167 0
-166 -168 0
-166 -169 0
-167 -168 0
-167 -169 0
-168 -169 0
1 14 27 40 53 66 79 92 105 118 131 144 157 0
2 15 28 41 54 67 80 93 106 119 132 145 158 0
3 16 29 42 55 68 81 94 107 120 133 146 159 0
4 17 30 43 56 69 82 95 108 121 134 147 160 0
5 18 31 44 57 70 83 96 109 122 135 148 161 0
6 19 32 45 58 71 84 97 110 123 136 149 162 0
7 20 33 46 59 72 85 98 111 124 137 150 163 0
8 21 34 47 60 73 86 99 112 125 138 151 164 0
9 22 35 48 61 74 87 100 113 126 139 152 165 0
10 23 36 49 62 75 88 101 114 127 140 153 166 0
11 24 37 50 63 76 89 102 115 128 141 154 167 0
12 25 38 51 64 77 90 103 116 129 142 155 168 0
13 26 39 52 65 78 91 104 117 130 143 156 169 0
-1 -15 0
-1 -29 0
-1 -43 0
-1 -57 0
-1 -71 0
-1 -85 0
-1 -99 0
-1 -113 0
-1 -127 0
-1 -141 0
-1 -155 0
-1 -169 0
-15 -29 0
-15 -43 0
-15 -57 0
-15 -71 0
-15 -85 0
-15 -99 0
-15 -113 0
-15 -127 0
-15 -141 0
-15 -155 0
-15 -169 0
-29 -43 0
-29 -57 0
-29 -71 0
-29 -85 0
-29 -99 0
-29 -113 0
-29 -127 0
-29 -141 0
-29 -155 0
-29 -169 0
-43 -57 0
-43 -71 0
-43 -85 0
-43 -99 0
-43 -113 0
-43 -127 0
-43 -141 0
-43 -155 0
-43 -169 0
-57 -71 0
-57 -85 0
-57 -99 0
-57 -113 0
-57 -127 0
-57 -141 0
-57 -155 0
-57 -169 0
-71 -85 0
-71 -99 0
-71 -113 0
-71 -127 0
-71 -141 0
-71 -155 0
-71 -169 0
-85 -99 0
-85 -113 0
-85 -127 0
-85 -141 0
-85 -155 0
-85 -169 0
-99 -113 0
-99 -127 0
-99 -141 0
-99 -155 0
-99 -169 0
-113 -127 0
-113 -141 0
-113 -155 0
-113 -169 0
-127 -141 0
-127 -155 0
-127 -169 0
-141 -155 0
-141 -169 0
-155 -169 0
-2 -16 0
-2 -30 0
-2 -44 0
-2 -58 0
-2 -72 0
-2 -86 0
-2 -100 0
-2 -114 0
-2 -128 0
-2 -142 0
-2 -156 0
-16 -30 0
-16 -44 0
-16 -58 0
-16 -72 0
-16 -86 0
-16 -100 0
-16 -114 0
-16 -128 0
-16 -142 0
-16 -156 0
-30 -44 0
-30 -58 0
-30 -72 0
-30 -86 0
-30 -100 0
-30 -114 0
-30 -128 0
-30 -142 0
-30 -156 0
-44 -58 0
-44 -72 0
-44 -86 0
-44 -100 0
-44 -114 0
-44 -128 0
-44 -142 0
-44 -156 0
-58 -72 0
-58 -86 0
-58 -100 0
-58 -114 0
-58 -128 0
-58 -142 0
-58 -156 0
-72 -86 0
-72 -100 0
-72 -114 0
-72 -128 0
-72 -142 0
-72 -156 0
-86 -100 0
-86 -114 0
-86 -128 0
-86 -142 0
-86 -156 0
-100 -114 0
-100 -128 0
-100 -142 0
-100 -156 0
-114 -128 0
-114 -142 0
-114 -156 0
-128 -142 0
-128 -156 0
-142 -156 0
-3 -17 0
-3 -31 0
-3 -45 0
-3 -59 0
-3 -73 0
-3 -87 0
-3 -101 0
-3 -115 0
-3 -129 0
-3 -143 0
-17 -31 0
-17 -45 0
-17 -59 0
-17 -73 0
-17 -87 0
-17 -101 0
-17 -115 0
-17 -129 0
-17 -143 0
-31 -45 0
-31 -59 0
-31 -73 0
-31 -87 0
-31 -101 0
-31 -115 0
-31 -129 0
-31 -143 0
-45 -59 0
-45 -73 0
-45 -87 0
-45 -101 0
-45 -115 0
-45 -129 0
-45 -143 0
-59 -73 0
-59 -87 0
-59 -101 0
-59 -115 0
-59 -129 0
-59 -143 0
-73 -87 0
-73 -101 0
-73 -115 0
-73 -129 0
-73 -143 0
-87 -101 0
-87 -115 0
-87 -129 0
-87 -143 0
-101 -115 0
-101 -129 0
-101 -143 0
-115 -129 0
-115 -143 0
-129 -143 0
-4 -18 0
-4 -32 0
-4 -46 0
-4 -60 0
-4 -74 0
-4 -88 0
-4 -102 0
-4 -116 0
-4 -130 0
-18 -32 0
-18 -46 0
-18 -60 0
-18 -74 0
-18 -88 0
-18 -102 0
-18 -116 0
-18 -130 0
-32 -46 0
-32 -60 0
-32 -74 0
-32 -88 0
-32 -102 0
-32 -116 0
-32 -130 0
-46 -60 0
-46 -74 0
-46 -88 0
-46 -102 0
-46 -116 0
-46 -130 0
-60 -74 0
-60 -88 0
-60 -102 0
-60 -116 0
-60 -130 0
-74 -88 0
-74 -102 0
-74 -116 0
-74 -130 0
-88 -102 0
-88 -116 0
-88 -130 0
-102 -116 0
-102 -130 0
-116 -130 0
-5 -19 0
-5 -33 0
-5 -47 0
-5 -61 0
-5 -75 0
-5 -89 0
-5 -103 0
-5 -117 0
-19 -33 0
-19 -47 0
-19 -61 0
-19 -75 0
-19 -89 0
-19 -103 0
-19 -117 0
-33 -47 0
-33 -61 0
-33 -75 0
-33 -89 0
-33 -103 0
-33 -117 0
-47 -61 0
-47 -75 0
-47 -89 0
-47 -103 0
-47 -117 0
-61 -75 0
-61 -89 0
-61 -103 0
-61 -117 0
-75 -89 0
-75 -103 0
-75 -117 0
-89 -103 0
-89 -117 0
-103 -117 0
-6 -20 0
-6 -34 0
-6 -48 0
-6 -62 0
-6 -76 0
-6 -90 0
-6 -104 0
-20 -34 0
-20 -48 0
-20 -62 0
-20 -76 0
-20 -90 0
-20 -104 0
-34 -48 0
-34 -62 0
-34 -76 0
-34 -90 0
-34 -104 0
-48 -62 0
-48 -76 0
-48 -90 0
-48 -104 0
-62 -76 0
-62 -90 0
-62 -104 0
-76 -90 0
-76 -104 0
-90 -104 0
-7 -21 0
-7 -35 0
-7 -49 0
-7 -63 0
-7 -77 0
-7 -91 0
-21 -35 0
-21 -49 0
-21 -63 0
-21 -77 0
-21 -91 0
-35 -49 0
-35 -63 0
-35 -77 0
-35 -91 0
-49 -63 0
-49 -77 0
-49 -91 0
-63 -77 0
-63 -91 0
-77 -91 0
-8 -22 0
-8 -36 0
-8 -50 0
-8 -64 0
-8 -78 0
-22 -36 0
-22 -50 0
-22 -64 0
-22 -78 0
-36 -50 0
-36 -64 0
-36 -78 0
-50 -64 0
-50 -78 0
-64 -78 0
-9 -23 0
-9 -37 0
-9 -51 0
-9 -65 0
-23 -37 0
-23 -51 0
-23 -65 0
-37 -51 0
-37 -65 0
-51 -65 0
-10 -24 0
-10 -38 0
-10 -52 0
-24 -38 0
-24 -52 0
-38 -52 0
-11 -25 0
-11 -39 0
-25 -39 0
-12 -26 0
-14 -28 0
-14 -42 0
-14 -56 0
-14 -70 0
-14 -84 0
-14 -98 0
-14 -112 0
-14 -126 0
-14 -140 0
-14 -154 0
-14 -168 0
-28 -42 0
-28 -56 0
-28 -70 0
-28 -84 0
-28 -98 0
-28 -112 0
-28 -126 0
-28 -140 0
-28 -154 0
-28 -168 0
-42 -56 0
-42 -70 0
-42 -84 0
-42 -98 0
-42 -112 0
-42 -126 0
-42 -140 0
-42 -154 0
-42 -168 0
-56 -70 0
-56 -84 0
-56 -98 0
-56 -112 0
-56 -126 0
-56 -140 0
-56 -154 0
-56 -168 0
-70 -84 0
-70 -98 0
-70 -112 0
-70 -126 0
-70 -140 0
-70 -154 0
-70 -168 0
-84 -98 0
-84 -112 0
-84 -126 0
-84 -140 0
-84 -154 0
-84 -168 0
-98 -112 0
-98 -126 0
-98 -140 0
-98 -154 0
-98 -168 0
-112 -126 0
-112 -140 0
-112 -154 0
-112 -168 0
-126 -140 0
-126 -154 0
-126 -168 0
-140 -154 0
-140 -168 0
-154 -168 0
-27 -41 0
-27 -55 0
-27 -69 0
-27 -83 0
-27 -97 0
-27 -111 0
-27 -125 0
-27 -139 0
-27 -153 0
-27 -167 0
-41 -55 0
-41 -69 0
-41 -83 0
-41 -97 0
-41 -111 0
-41 -125 0
-41 -139 0
-41 -153 0
-41 -167 0
-55 -69 0
-55 -83 0
-55 -97 0
-55 -111 0
-55 -125 0
-55 -139 0
-55 -153 0
-55 -167 0
-69 -83 0
-69 -97 0
-69 -111 0
-69 -125 0
-69 -139 0
-69 -153 0
-69 -167 0
-83 -97 0
-83 -111 0
-83 -125 0
-83 -139 0
-83 -153 0
-83 -167 0
-97 -111 0
-97 -125 0
-97 -139 0
-97 -153 0
-97 -167 0
-111 -125 0
-111 -139 0
-111 -153 0
-111 -167 0
-125 -139 0
-125 -153 0
-125 -167 0
-139 -153 0
-139 -167 0
-153 -167 0
-40 -54 0
-40 -68 0
-40 -82 0
-40 -96 0
-40 -110 0
-40 -124 0
-40 -138 0
-40 -152 0
-40 -166 0
-54 -68 0
-54 -82 0
-54 -96 0
-54 -110 0
-54 -124 0
-54 -138 0
-54 -152 0
-54 -166 0
-68 -82 0
-68 -96 0
-68 -110 0
-68 -124 0
-68 -138 0
-68 -152 0
-68 -166 0
-82 -96 0
-82 -110 0
-82 -124 0
-82 -138 0
-82 -152 0
-82 -166 0
-96 -110 0
-96 -124 0
-96 -138 0
-96 -152 0
-96 -166 0
-110 -124 0
-110 -138 0
-110 -152 0
-110 -166 0
-124 -138 0
-124 -152 0
-124 -166 0
-138 -152 0
-138 -166 0
-152 -166 0
-53 -67 0
-53 -81 0
-53 -95 0
-53 -109 0
-53 -123 0
-53 -137 0
-53 -151 0
-53 -165 0
-67 -81 0
-67 -95 0
-67 -109 0
-67 -123 0
-67 -137 0
-67 -151 0
-67 -165 0
-81 -95 0
-81 -109 0
-81 -123 0
-81 -137 0
-81 -151 0
-81 -165 0
-95 -109 0
-95 -123 0
-95 -137 0
-95 -151 0
-95 -165 0
-109 -123 0
-109 -137 0
-109 -151 0
-109 -165 0
-123 -137 0
-123 -151 0
-123 -165 0
-137 -151 0
-137 -165 0
-151 -165 0
-66 -80 0
-66 -94 0
-66 -108 0
-66 -122 0
-66 -136 0
-66 -150 0
-66 -164 0
-80 -94 0
-80 -108 0
-80 -122 0
-80 -136 0
-80 -150 0
-80 -164 0
-94 -108 0
-94 -122 0
-94 -136 0
-94 -150 0
-94 -164 0
-108 -122 0
-108 -136 0
-108 -150 0
-108 -164 0
-122 -136 0
-122 -150 0
-122 -164 0
-136 -150 0
-136 -164 0
-150 -164 0
-79 -93 0
-79 -107 0
-79 -121 0
-79 -135 0
-79 -149 0
-79 -163 0
-93 -107 0
-93 -121 0
-93 -135 0
-93 -149 0
-93 -163 0
-107 -121 0
-107 -135 0
-107 -149 0
-107 -163 0
-121 -135 0
-121 -149 0
-121 -163 0
-135 -149 0
-135 -163 0
-149 -163 0
-92 -106 0
-92 -120 0
-92 -134 0
-92 -148 0
-92 -162 0
-106 -120 0
-106 -134 0
-106 -148 0
-106 -162 0
-120 -134 0
-120 -148 0
-120 -162 0
-134 -148 0
-134 -162 0
-148 -162 0
-105 -119 0
-105 -133 0
-105 -147 0
-105 -161 0
-119 -133 0
-119 -147 0
-119 -161 0
-133 -147 0
-133 -161 0
-147 -161 0
-118 -132 0
-118 -146 0
-118 -160 0
-132 -146 0
-132 -160 0
-146 -160 0
-131 -145 0
-131 -159 0
-145 -159 0
-144 -158 0
-2 -14 0
-3 -15 0
-3 -27 0
-15 -27 0
-4 -16 0
-4 -28 0
-4 -40 0
-16 -28 0
-16 -40 0
-28 -40 0
-5 -17 0
-5 -29 0
-5 -41 0
-5 -53 0
-17 -29 0
-17 -41 0
-17 -53 0
-29 -41 0
-29 -53 0
-41 -53 0
-6 -18 0
-6 -30 0
-6 -42 0
-6 -54 0
-6 -66 0
-18 -30 0
-18 -42 0
-18 -54 0
-18 -66 0
-30 -42 0
-30 -54 0
-30 -66 0
-42 -54 0
-42 -66 0
-54 -66 0
-7 -19 0
-7 -31 0
-7 -43 0
-7 -55 0
-7 -67 0
-7 -79 0
-19 -31 0
-19 -43 0
-19 -55 0
-19 -67 0
-19 -79 0
-31 -43 0
-31 -55 0
-31 -67 0
-31 -79 0
-43 -55 0
-43 -67 0
-43 -79 0
-55 -67 0
-55 -79 0
-67 -79 0
-8 -20 0
-8 -32 0
-8 -44 0
-8 -56 0
-8 -68 0
-8 -80 0
-8 -92 0
-20 -32 0
-20 -44 0
-20 -56 0
-20 -68 0
-20 -80 0
-20 -92 0
-32 -44 0
-32 -56 0
-32 -68 0
-32 -80 0
-32 -92 0
-44 -56 0
-44 -68 0
-44 -80 0
-44 -92 0
-56 -68 0
-56 -80 0
-56 -92 0
-68 -80 0
-68 -92 0
-80 -92 0
-9 -21 0
-9 -33 0
-9 -45 0
-9 -57 0
-9 -69 0
-9 -81 0
-9 -93 0
-9 -105 0
-21 -33 0
-21 -45 0
-21 -57 0
-21 -69 0
-21 -81 0
-21 -93 0
-21 -105 0
-33 -45 0
-33 -57 0
-33 -69 0
-33 -81 0
-33 -93 0
-33 -105 0
-45 -57 0
-45 -69 0
-45 -81 0
-45 -93 0
-45 -105 0
-57 -69 0
-57 -81 0
-57 -93 0
-57 -105 0
-69 -81 0
-69 -93 0
-69 -105 0
-81 -93 0
-81 -105 0
-93 -105 0
-10 -22 0
-10 -34 0
-10 -46 0
-10 -58 0
-10 -70 0
-10 -82 0
-10 -94 0
-10 -106 0
-10 -118 0
-22 -34 0
-22 -46 0
-22 -58 0
-22 -70 0
-22 -82 0
-22 -94 0
-22 -106 0
-22 -118 0
-34 -46 0
-34 -58 0
-34 -70 0
-34 -82 0
-34 -94 0
-34 -106 0
-34 -118 0
-46 -58 0
-46 -70 0
-46 -82 0
-46 -94 0
-46 -106 0
-46 -118 0
-58 -70 0
-58 -82 0
-58 -94 0
-58 -106 0
-58 -118 0
-70 -82 0
-70 -94 0
-70 -106 0
-70 -118 0
-82 -94 0
-82 -106 0
-82 -118 0
-94 -106 0
-94 -118 0
-106 -118 0
-11 -23 0
-11 -35 0
-11 -47 0
-11 -59 0
-11 -71 0
-11 -83 0
-11 -95 0
-11 -107 0
-11 -119 0
-11 -131 0
-23 -35 0
-23 -47 0
-23 -59 0
-23 -71 0
-23 -83 0
-23 -95 0
-23 -107 0
-23 -119 0
-23 -131 0
-35 -47 0
-35 -59 0
-35 -71 0
-35 -83 0
-35 -95 0
-35 -107 0
-35 -119 0
-35 -131 0
-47 -59 0
-47 -71 0
-47 -83 0
-47 -95 0
-47 -107 0
-47 -119 0
-47 -131 0
-59 -71 0
-59 -83 0
-59 -95 0
-59 -107 0
-59 -119 0
-59 -131 0
-71 -83 0
-71 -95 0
-71 -107 0
-71 -119 0
-71 -131 0
-83 -95 0
-83 -107 0
-83 -119 0
-83 -131 0
-95 -107 0
-95 -119 0
-95 -131 0
-107 -119 0
-107 -131 0
-119 -131 0
-12 -24 0
-12 -36 0
-12 -48 0
-12 -60 0
-12 -72 0
-12 -84 0
-12 -96 0
-12 -108 0
-12 -120 0
-12 -132 0
-12 -144 0
-24 -36 0
-24 -48 0
-24 -60 0
-24 -72 0
-24 -84 0
-24 -96 0
-24 -108 0
-24 -120 0
-24 -132 0
-24 -144 0
-36 -48 0
-36 -60 0
-36 -72 0
-36 -84 0
-36 -96 0
-36 -108 0
-36 -120 0
-36 -132 0
-36 -144 0
-48 -60 0
-48 -72 0
-48 -84 0
-48 -96 0
-48 -108 0
-48 -120 0
-48 -132 0
-48 -144 0
-60 -72 0
-60 -84 0
-60 -96 0
-60 -108 0
-60 -120 0
-60 -132 0
-60 -144 0
-72 -84 0
-72 -96 0
-72 -108 0
-72 -120 0
-72 -132 0
-72 -144 0
-84 -96 0
-84 -108 0
-84 -120 0
-84 -132 0
-84 -144 0
-96 -108 0
-96 -120 0
-96 -132 0
-96 -144 0
-108 -120 0
-108 -132 0
-108 -144 0
-120 -132 0
-120 -144 0
-132 -144 0
-13 -25 0
-13 -37 0
-13 -49 0
-13 -61 0
-13 -73 0
-13 -85 0
-13 -97 0
-13 -109 0
-13 -121 0
-13 -133 0
-13 -145 0
-13 -157 0
-25 -37 0
-25 -49 0
-25 -61 0
-25 -73 0
-25 -85 0
-25 -97 0
-25 -109 0
-25 -121 0
-25 -133 0
-25 -145 0
-25 -157 0
-37 -49 0
-37 -61 0
-37 -73 0
-37 -85 0
-37 -97 0
-37 -109 0
-37 -121 0
-37 -133 0
-37 -145 0
-37 -157 0
-49 -61 0
-49 -73 0
-49 -85 0
-49 -97 0
-49 -109 0
-49 -121 0
-49 -133 0
-49 -145 0
-49 -157 0
-61 -73 0
-61 -85 0
-61 -97 0
-61 -109 0
-61 -121 0
-61 -133 0
-61 -145 0
-61 -157 0
-73 -85 0
-73 -97 0
-73 -109 0
-73 -121 0
-73 -133 0
-73 -145 0
-73 -157 0
-85 -97 0
-85 -109 0
-85 -121 0
-85 -133 0
-85 -145 0
-85 -157 0
-97 -109 0
-97 -121 0
-97 -133 0
-97 -145 0
-97 -157 0
-109 -121 0
-109 -133 0
-109 -145 0
-109 -157 0
-121 -133 0
-121 -145 0
-121 -157 0
-133 -145 0
-133 -157 0
-145 -157 0
-26 -38 0
-26 -50 0
-26 -62 0
-26 -74 0
-26 -86 0
-26 -98 0
-26 -110 0
-26 -122 0
-26 -134 0
-26 -146 0
-26 -158 0
-38 -50 0
-38 -62 0
-38 -74 0
-38 -86 0
-38 -98 0
-38 -110 0
-38 -122 0
-38 -134 0
-38 -146 0
-38 -158 0
-50 -62 0
-50 -74 0
-50 -86 0
-50 -98 0
-50 -110 0
-50 -122 0
-50 -134 0
-50 -146 0
-50 -158 0
-62 -74 0
-62 -86 0
-62 -98 0
-62 -110 0
-62 -122 0
-62 -134 0
-62 -146 0
-62 -158 0
-74 -86 0
-74 -98 0
-74 -110 0
-74 -122 0
-74 -134 0
-74 -146 0
-74 -158 0
-86 -98 0
-86 -110 0
-86 -122 0
-86 -134 0
-86 -146 0
-86 -158 0
-98 -110 0
-98 -122 0
-98 -134 0
-98 -146 0
-98 -158 0
-110 -122 0
-110 -134 0
-110 -146 0
-110 -158 0
-122 -134 0
-122 -146 0
-122 -158 0
-134 -146 0
-134 -158 0
-146 -158 0
-39 -51 0
-39 -63 0
-39 -75 0
-39 -87 0
-39 -99 0
-39 -111 0
-39 -123 0
-39 -135 0
-39 -147 0
-39 -159 0
-51 -63 0
-51 -75 0
-51 -87 0
-51 -99 0
-51 -111 0
-51 -123 0
-51 -135 0
-51 -147 0
-51 -159 0
-63 -75 0
-63 -87 0
-63 -99 0
-63 -111 0
-63 -123 0
-63 -135 0
-63 -147 0
-63 -159 0
-75 -87 0
-75 -99 0
-75 -111 0
-75 -123 0
-75 -135 0
-75 -147 0
-75 -159 0
-87 -99 0
-87 -111 0
-87 -123 0
-87 -135 0
-87 -147 0
-87 -159 0
-99 -111 0
-99 -123 0
-99 -135 0
-99 -147 0
-99 -159 0
-111 -123 0
-111 -135 0
-111 -147 0
-111 -159 0
-123 -135 0
-123 -147 0
-123 -159 0
-135 -147 0
-135 -159 0
-147 -159 0
-52 -64 0
-52 -76 0
-52 -88 0
-52 -100 0
-52 -112 0
-52 -124 0
-52 -136 0
-52 -148 0
-52 -160 0
-64 -76 0
-64 -88 0
-64 -100 0
-64 -112 0
-64 -124 0
-64 -136 0
-64 -148 0
-64 -160 0
-76 -88 0
-76 -100 0
-76 -112 0
-76 -124 0
-76 -136 0
-76 -148 0
-76 -160 0
-88 -100 0
-88 -112 0
-88 -124 0
-88 -136 0
-88 -148 0
-88 -160 0
-100 -112 0
-100 -124 0
-100 -136 0
-100 -148 0
-100 -160 0
-112 -124 0
-112 -136 0
-112 -148 0
-112 -160 0
-124 -136 0
-124 -148 0
-124 -160 0
-136 -148 0
-136 -160 0
-148 -160 0
-65 -77 0
-65 -89 0
-65 -101 0
-65 -113 0
-65 -125 0
-65 -137 0
-65 -149 0
-65 -161 0
-77 -89 0
-77 -101 0
-77 -113 0
-77 -125 0
-77 -137 0
-77 -149 0
-77 -161 0
-89 -101 0
-89 -113 0
-89 -125 0
-89 -137 0
-89 -149 0
-89 -161 0
-101 -113 0
-101 -125 0
-101 -137 0
-101 -149 0
-101 -161 0
-113 -125 0
-113 -137 0
-113 -149 0
-113 -161 0
-125 -137 0
-125 -149 0
-125 -161 0
-137 -149 0
-137 -161 0
-149 -161 0
-78 -90 0
-78 -102 0
-78 -114 0
-78 -126 0
-78 -138 0
-78 -150 0
-78 -162 0
-90 -102 0
-90 -114 0
-90 -126 0
-90 -138 0
-90 -150 0
-90 -162 0
-102 -114 0
-102 -126 0
-102 -138 0
-102 -150 0
-102 -162 0
-114 -126 0
-114 -138 0
-114 -150 0
-114 -162 0
-126 -138 0
-126 -150 0
-126 -162 0
-138 -150 0
-138 -162 0
-150 -162 0
-91 -103 0
-91 -115 0
-91 -127 0
-91 -139 0
-91 -151 0
-91 -163 0
-103 -115 0
-103 -127 0
-103 -139 0
-103 -151 0
-103 -163 0
-115 -127 0
-115 -139 0
-115 -151 0
-115 -163 0
-127 -139 0
-127 -151 0
-127 -163 0
-139 -151 0
-139 -163 0
-151 -163 0
-104 -116 0
-104 -128 0
-104 -140 0
-104 -152 0
-104 -164 0
-116 -128 0
-116 -140 0
-116 -152 0
-116 -164 0
-128 -140 0
-128 -152 0
-128 -164 0
-140 -152 0
-140 -164 0
-152 -164 0
-117 -129 0
-117 -141 0
-117 -153 0
-117 -165 0
-129 -141 0
-129 -153 0
-129 -165 0
-141 -153 0
-141 -165 0
-153 -165 0
-130 -142 0
-130 -154 0
-130 -166 0
-142 -154 0
-142 -166 0
-154 -166 0
-143 -155 0
-143 -167 0
-155 -167 0
-156 -168 0
